
		Вектор А
[   3.127049e+01,    3.129049e+01] [  -8.214710e-01,   -8.014710e-01] [  -8.892974e-01,   -8.692974e-01] [  -1.211200e-01,   -1.011200e-01] [   7.768025e-01,    7.968025e-01] 
[   8.614710e-01,    8.814710e-01] [   3.129310e+01,    3.131310e+01] [  -8.214710e-01,   -8.014710e-01] [  -8.892974e-01,   -8.692974e-01] [  -1.211200e-01,   -1.011200e-01] 
[   9.292974e-01,    9.492974e-01] [   8.614710e-01,    8.814710e-01] [   3.103704e+01,    3.105704e+01] [  -8.214710e-01,   -8.014710e-01] [  -8.892974e-01,   -8.692974e-01] 
[   1.611200e-01,    1.811200e-01] [   9.292974e-01,    9.492974e-01] [   8.614710e-01,    8.814710e-01] [   3.073773e+01,    3.075773e+01] [  -8.214710e-01,   -8.014710e-01] 
[  -7.368025e-01,   -7.168025e-01] [   1.611200e-01,    1.811200e-01] [   9.292974e-01,    9.492974e-01] [   8.614710e-01,    8.814710e-01] [   3.067036e+01,    3.069036e+01] 

		Вектор B
[  -6.546436e+00,   -6.526436e+00] 
[   2.826622e+00,    2.846622e+00] 
[   9.591703e+00,    9.611703e+00] 
[   7.529023e+00,    7.549023e+00] 
[  -1.465000e+00,   -1.445000e+00] 

		Вектор X
[  -1.959900e-01,   -1.946733e-01] 
[   1.048756e-01,    1.060236e-01] 
[   3.137569e-01,    3.148348e-01] 
[   2.435082e-01,    2.443678e-01] 
[  -4.776600e-02,   -4.708320e-02] 

		Матрица в треугольном виде
[   9.993608e-01,    1.000640e+00] [  -2.626985e-02,   -2.561388e-02] [  -2.843887e-02,   -2.778152e-02] [  -3.873301e-03,   -3.231653e-03] [   2.482551e-02,    2.548097e-02] [  -2.093487e-01,   -2.085757e-01] 
[  -2.056377e-02,    2.055063e-02] [   9.993613e-01,    1.000639e+00] [  -2.625087e-02,   -2.559539e-02] [  -2.841832e-02,   -2.776146e-02] [  -3.870502e-03,   -3.229320e-03] [   9.026963e-02,    9.096644e-02] 
[  -2.060715e-02,    2.059398e-02] [  -2.056336e-02,    2.055023e-02] [   9.993560e-01,    1.000644e+00] [  -2.646744e-02,   -2.580642e-02] [  -2.865278e-02,   -2.799035e-02] [   3.088415e-01,    3.096849e-01] 
[  -2.011584e-02,    2.010298e-02] [  -2.060671e-02,    2.059355e-02] [  -2.056801e-02,    2.055477e-02] [   9.993498e-01,    1.000651e+00] [  -2.672517e-02,   -2.605754e-02] [   2.447847e-01,    2.455946e-01] 
[  -2.045816e-02,    2.047124e-02] [  -2.011576e-02,    2.010291e-02] [  -2.061172e-02,    2.059845e-02] [  -2.057354e-02,    2.056017e-02] [   9.993483e-01,    1.000652e+00] [  -4.776600e-02,   -4.708320e-02] 

		Вектор невязки
[  -7.729816e-04,    7.729816e-04] 
[  -6.968115e-04,    6.968115e-04] 
[  -8.434061e-04,    8.434061e-04] 
[  -8.099392e-04,    8.099392e-04] 
[  -6.827981e-04,    6.827981e-04] 

	Норма вектора невязки
[   1.707804e-03,    1.707804e-03] 

